1 159.220523 178.026387 158.878699 177.534687 120.007221 170.473724 39.528319 39.528319 -0.000000 0.190275 0.179690 
2 80.172626 374.020309 80.606193 374.603807 119.980349 367.037280 39.526524 39.526524 -0.000000 2.967941 2.951737 
3 80.488450 570.038131 81.015431 570.700810 119.982724 563.531795 39.528736 39.528736 -0.000000 2.978318 2.959652 
4 80.732262 767.029402 81.220524 767.641548 119.986045 759.897033 39.529818 39.529818 -0.000000 2.961855 2.944410 
5 1137.920152 150.691006 1137.242912 151.013634 1101.991760 170.466482 39.531474 39.531474 -0.000000 5.780025 5.778934 
6 1061.843429 366.231493 1061.751436 366.802596 1101.961944 367.021484 39.541316 39.441828 1.394649 3.161282 3.147036 
7 1139.763888 548.186256 1139.001137 546.745175 1102.002528 563.494535 39.532514 39.532514 -0.000000 5.898036 5.858086 
8 1139.840096 745.852577 1140.111950 745.662399 1101.985780 759.913624 39.537384 39.537384 -0.000000 5.927529 5.925475 
9 210.953736 818.584809 210.211022 818.406877 218.203090 858.121259 39.547848 39.418606 -1.316675 4.531045 4.513803 
10 177.464838 268.157561 178.999686 268.966020 218.182287 268.699382 39.539884 39.440146 1.346636 3.154899 3.134788 
11 177.419989 661.143777 178.744591 661.815303 218.177534 661.603702 39.532340 39.532340 -0.000000 3.152877 3.136227 
12 178.062725 458.032810 178.933523 458.966843 218.189869 465.248912 39.567699 39.414769 -1.514184 3.319522 3.300274 
13 1036.250733 833.240166 1035.312110 833.715935 1003.783570 858.145954 39.522991 39.457109 -0.726686 5.628825 5.623966 
14 420.129677 897.975393 420.546175 897.534884 414.634539 858.169806 39.530491 39.530491 -0.000000 1.433614 1.421736 
15 571.982945 864.075642 571.077927 864.530900 610.949569 858.145766 39.491211 39.485138 1.014251 2.990573 2.982799 
16 812.130945 897.892118 812.642136 897.501560 807.384945 858.152398 39.524880 39.524880 -0.000000 1.451932 1.437979 
17 1036.089637 439.969424 1035.806162 439.321614 1003.776980 465.246538 39.537656 39.451077 -1.053915 5.619351 5.602729 
18 1044.667964 268.886501 1043.199758 268.173796 1003.804371 268.721609 39.537338 39.459789 -1.445066 0.004035 6.269281 
19 1044.693894 661.893599 1044.525148 661.158521 1003.798197 661.604024 39.517065 39.471316 -1.310878 0.007081 6.272247 
20 284.204084 785.665138 285.129628 784.932177 316.429768 759.894459 39.543813 39.543813 -0.000000 2.467038 2.466898 
21 422.273425 229.807646 422.085120 229.129937 414.603392 268.703450 39.534157 39.534157 -0.000000 4.907085 4.899243 
22 455.422631 464.811760 453.922249 464.111506 414.621982 465.246085 39.519318 39.475843 -1.457814 6.272541 6.254324 
23 454.015190 661.793407 455.352601 661.219848 414.625828 661.604077 39.508624 39.478192 1.193706 0.004807 6.273751 
24 473.078532 175.130118 473.458046 175.647710 512.790241 170.468381 39.526061 39.451462 -1.171487 3.024738 3.010664 
25 472.917236 372.129691 473.366605 372.564454 512.809447 367.018849 39.528647 39.528647 -0.000000 3.014171 3.001910 
26 472.957453 569.122975 472.896667 569.619427 512.807913 563.507542 39.528656 39.528656 -0.000000 3.001602 2.989636 
27 506.940426 720.722840 506.414604 719.937592 512.826016 759.895595 39.493800 39.486833 -1.097204 4.563257 4.553291 
28 291.364187 596.394304 292.535906 595.787361 316.427735 563.506205 39.517221 39.457777 1.340954 2.221987 2.207942 
29 275.730807 162.833417 277.447310 163.995877 316.425715 170.464633 39.520247 39.457655 1.567092 3.326962 3.306051 
30 278.952865 353.679064 278.080842 355.559019 316.435117 367.029110 39.537248 39.537248 -0.000000 3.483753 3.432184 
31 944.150400 178.038044 944.873329 178.050955 905.565049 170.467068 39.514334 39.457475 -1.550425 0.193752 0.190592 
32 894.213924 602.679035 897.958771 602.767689 905.566142 563.513406 39.504514 39.467427 1.431383 1.852917 1.762221 
33 782.406923 629.273351 781.940676 628.963866 807.373452 661.601823 39.485472 39.479432 0.568066 4.054783 4.050436 
34 942.577867 773.500723 944.170239 773.384972 905.567229 759.904678 39.505782 39.484150 0.630857 0.352051 0.335965 
35 847.291431 260.918049 845.799385 261.018583 807.382349 268.721097 39.526179 39.526179 -0.000000 6.090101 6.085312 
36 845.212334 450.902702 844.446583 450.857444 807.381530 465.233723 39.502324 39.482367 -1.366505 5.921071 5.913183 
37 701.687049 799.486453 701.987897 799.119730 709.200859 759.883012 39.534689 39.534689 -0.000000 1.758294 1.752598 
38 930.148572 335.744954 930.394098 334.423976 905.562319 367.011607 39.528164 39.528164 -0.000000 5.378746 5.363526 
39 585.761129 629.291968 585.930938 629.676939 610.961302 661.605753 39.522280 39.522280 -0.000000 4.050051 4.047516 
40 750.053822 563.677322 748.609503 563.143934 709.178575 563.494192 39.531152 39.531152 -0.000000 0.004480 6.274303 
41 749.827592 170.593134 748.765023 170.154336 709.191000 170.462860 39.513978 39.472761 -1.187552 0.003206 6.275389 
42 749.955701 366.985375 749.459023 366.154198 709.180284 367.007352 39.517633 39.488875 0.346361 6.282646 6.262007 
43 586.145676 497.902034 586.663654 497.998280 610.981003 465.258981 39.505372 39.464730 -1.481759 2.221183 2.209646 
44 570.174075 268.366179 570.572305 268.841170 610.960653 268.707214 39.518753 39.463252 -1.466681 3.149954 3.138276 
